
[1mRooFit v3.60 -- Developed by Wouter Verkerke and David Kirkby[0m 
                Copyright (C) 2000-2013 NIKHEF, University of California & Stanford University
                All rights reserved, please read http://roofit.sourceforge.net/license.txt

DataSetInfo              : [dataset] : Added class "Signal"
                         : Add Tree pi0tree of type Signal with 2054980 events
DataSetInfo              : [dataset] : Added class "Background"
                         : Add Tree pi0tree of type Background with 4933019 events
Factory                  : Booking method: [1mBDT[0m
                         : 
DataSetFactory           : [dataset] : Number of events in input trees
                         : 
                         : 
                         : Number of training and testing events
                         : ---------------------------------------------------------------------------
                         : Signal     -- training events            : 100000
                         : Signal     -- testing events             : 100000
                         : Signal     -- training and testing events: 200000
                         : Background -- training events            : 100000
                         : Background -- testing events             : 100000
                         : Background -- training and testing events: 200000
                         : 
DataSetInfo              : Correlation matrix (Signal):
                         : -----------------------------------------------------------------------------------------------------------------------------
                         :               pi0p3 pi0p3cms    gm1e    gm2e gm1e925 gm2e925   ediff gm1eerror gm2eerror gm1p3cms gm2p3cms gmthetacms  mfchi2
                         :      pi0p3:  +1.000   +0.976  +0.959  +0.764  -0.142  -0.142  +0.745    +0.786    +0.637   +0.941   +0.762     -0.681  -0.196
                         :   pi0p3cms:  +0.976   +1.000  +0.938  +0.746  -0.134  -0.134  +0.728    +0.792    +0.643   +0.963   +0.783     -0.671  -0.177
                         :       gm1e:  +0.959   +0.938  +1.000  +0.553  -0.108  -0.108  +0.902    +0.844    +0.460   +0.978   +0.561     -0.615  -0.179
                         :       gm2e:  +0.764   +0.746  +0.553  +1.000  -0.180  -0.180  +0.139    +0.407    +0.848   +0.549   +0.978     -0.561  -0.187
                         :    gm1e925:  -0.142   -0.134  -0.108  -0.180  +1.000  +1.000  -0.035    -0.082    -0.192   -0.103   -0.171     +0.049  -0.044
                         :    gm2e925:  -0.142   -0.134  -0.108  -0.180  +1.000  +1.000  -0.035    -0.082    -0.192   -0.103   -0.171     +0.049  -0.044
                         :      ediff:  +0.745   +0.728  +0.902  +0.139  -0.035  -0.035  +1.000    +0.793    +0.107   +0.878   +0.160     -0.440  -0.116
                         :  gm1eerror:  +0.786   +0.792  +0.844  +0.407  -0.082  -0.082  +0.793    +1.000    +0.384   +0.850   +0.428     -0.377  -0.116
                         :  gm2eerror:  +0.637   +0.643  +0.460  +0.848  -0.192  -0.192  +0.107    +0.384    +1.000   +0.471   +0.853     -0.358  -0.121
                         :   gm1p3cms:  +0.941   +0.963  +0.978  +0.549  -0.103  -0.103  +0.878    +0.850    +0.471   +1.000   +0.588     -0.611  -0.164
                         :   gm2p3cms:  +0.762   +0.783  +0.561  +0.978  -0.171  -0.171  +0.160    +0.428    +0.853   +0.588   +1.000     -0.567  -0.173
                         : gmthetacms:  -0.681   -0.671  -0.615  -0.561  +0.049  +0.049  -0.440    -0.377    -0.358   -0.611   -0.567     +1.000  +0.189
                         :     mfchi2:  -0.196   -0.177  -0.179  -0.187  -0.044  -0.044  -0.116    -0.116    -0.121   -0.164   -0.173     +0.189  +1.000
                         : -----------------------------------------------------------------------------------------------------------------------------
DataSetInfo              : Correlation matrix (Background):
                         : -----------------------------------------------------------------------------------------------------------------------------
                         :               pi0p3 pi0p3cms    gm1e    gm2e gm1e925 gm2e925   ediff gm1eerror gm2eerror gm1p3cms gm2p3cms gmthetacms  mfchi2
                         :      pi0p3:  +1.000   +0.976  +0.968  +0.626  -0.081  -0.081  +0.858    +0.772    +0.501   +0.949   +0.627     -0.693  -0.136
                         :   pi0p3cms:  +0.976   +1.000  +0.949  +0.608  -0.078  -0.078  +0.842    +0.778    +0.501   +0.971   +0.651     -0.701  -0.125
                         :       gm1e:  +0.968   +0.949  +1.000  +0.427  -0.079  -0.079  +0.957    +0.829    +0.345   +0.980   +0.439     -0.600  -0.131
                         :       gm2e:  +0.626   +0.608  +0.427  +1.000  -0.052  -0.052  +0.146    +0.283    +0.817   +0.422   +0.962     -0.526  -0.124
                         :    gm1e925:  -0.081   -0.078  -0.079  -0.052  +1.000  +1.000  -0.069    -0.051    -0.046   -0.075   -0.051     +0.059  +0.010
                         :    gm2e925:  -0.081   -0.078  -0.079  -0.052  +1.000  +1.000  -0.069    -0.051    -0.046   -0.075   -0.051     +0.059  +0.010
                         :      ediff:  +0.858   +0.842  +0.957  +0.146  -0.069  -0.069  +1.000    +0.816    +0.115   +0.937   +0.171     -0.487  -0.103
                         :  gm1eerror:  +0.772   +0.778  +0.829  +0.283  -0.051  -0.051  +0.816    +1.000    +0.268   +0.831   +0.299     -0.342  -0.098
                         :  gm2eerror:  +0.501   +0.501  +0.345  +0.817  -0.046  -0.046  +0.115    +0.268    +1.000   +0.350   +0.805     -0.318  -0.097
                         :   gm1p3cms:  +0.949   +0.971  +0.980  +0.422  -0.075  -0.075  +0.937    +0.831    +0.350   +1.000   +0.460     -0.611  -0.121
                         :   gm2p3cms:  +0.627   +0.651  +0.439  +0.962  -0.051  -0.051  +0.171    +0.299    +0.805   +0.460   +1.000     -0.573  -0.112
                         : gmthetacms:  -0.693   -0.701  -0.600  -0.526  +0.059  +0.059  -0.487    -0.342    -0.318   -0.611   -0.573     +1.000  +0.081
                         :     mfchi2:  -0.136   -0.125  -0.131  -0.124  +0.010  +0.010  -0.103    -0.098    -0.097   -0.121   -0.112     +0.081  +1.000
                         : -----------------------------------------------------------------------------------------------------------------------------
DataSetFactory           : [dataset] :  
                         : 
Factory                  : [1mTrain all methods[0m
Factory                  : [dataset] : Create Transformation "I" with events from all classes.
                         : 
                         : Transformation, Variable selection : 
                         : Input : variable 'pi0p3' <---> Output : variable 'pi0p3'
                         : Input : variable 'pi0p3cms' <---> Output : variable 'pi0p3cms'
                         : Input : variable 'gm1e' <---> Output : variable 'gm1e'
                         : Input : variable 'gm2e' <---> Output : variable 'gm2e'
                         : Input : variable 'gm1e925' <---> Output : variable 'gm1e925'
                         : Input : variable 'gm2e925' <---> Output : variable 'gm2e925'
                         : Input : variable 'ediff' <---> Output : variable 'ediff'
                         : Input : variable 'gm1eerror' <---> Output : variable 'gm1eerror'
                         : Input : variable 'gm2eerror' <---> Output : variable 'gm2eerror'
                         : Input : variable 'gm1p3cms' <---> Output : variable 'gm1p3cms'
                         : Input : variable 'gm2p3cms' <---> Output : variable 'gm2p3cms'
                         : Input : variable 'gmthetacms' <---> Output : variable 'gmthetacms'
                         : Input : variable 'mfchi2' <---> Output : variable 'mfchi2'
Factory                  : [dataset] : Create Transformation "D" with events from all classes.
                         : 
                         : Transformation, Variable selection : 
                         : Input : variable 'pi0p3' <---> Output : variable 'pi0p3'
                         : Input : variable 'pi0p3cms' <---> Output : variable 'pi0p3cms'
                         : Input : variable 'gm1e' <---> Output : variable 'gm1e'
                         : Input : variable 'gm2e' <---> Output : variable 'gm2e'
                         : Input : variable 'gm1e925' <---> Output : variable 'gm1e925'
                         : Input : variable 'gm2e925' <---> Output : variable 'gm2e925'
                         : Input : variable 'ediff' <---> Output : variable 'ediff'
                         : Input : variable 'gm1eerror' <---> Output : variable 'gm1eerror'
                         : Input : variable 'gm2eerror' <---> Output : variable 'gm2eerror'
                         : Input : variable 'gm1p3cms' <---> Output : variable 'gm1p3cms'
                         : Input : variable 'gm2p3cms' <---> Output : variable 'gm2p3cms'
                         : Input : variable 'gmthetacms' <---> Output : variable 'gmthetacms'
                         : Input : variable 'mfchi2' <---> Output : variable 'mfchi2'
Factory                  : [dataset] : Create Transformation "P" with events from all classes.
                         : 
                         : Transformation, Variable selection : 
                         : Input : variable 'pi0p3' <---> Output : variable 'pi0p3'
                         : Input : variable 'pi0p3cms' <---> Output : variable 'pi0p3cms'
                         : Input : variable 'gm1e' <---> Output : variable 'gm1e'
                         : Input : variable 'gm2e' <---> Output : variable 'gm2e'
                         : Input : variable 'gm1e925' <---> Output : variable 'gm1e925'
                         : Input : variable 'gm2e925' <---> Output : variable 'gm2e925'
                         : Input : variable 'ediff' <---> Output : variable 'ediff'
                         : Input : variable 'gm1eerror' <---> Output : variable 'gm1eerror'
                         : Input : variable 'gm2eerror' <---> Output : variable 'gm2eerror'
                         : Input : variable 'gm1p3cms' <---> Output : variable 'gm1p3cms'
                         : Input : variable 'gm2p3cms' <---> Output : variable 'gm2p3cms'
                         : Input : variable 'gmthetacms' <---> Output : variable 'gmthetacms'
                         : Input : variable 'mfchi2' <---> Output : variable 'mfchi2'
Factory                  : [dataset] : Create Transformation "G" with events from all classes.
                         : 
                         : Transformation, Variable selection : 
                         : Input : variable 'pi0p3' <---> Output : variable 'pi0p3'
                         : Input : variable 'pi0p3cms' <---> Output : variable 'pi0p3cms'
                         : Input : variable 'gm1e' <---> Output : variable 'gm1e'
                         : Input : variable 'gm2e' <---> Output : variable 'gm2e'
                         : Input : variable 'gm1e925' <---> Output : variable 'gm1e925'
                         : Input : variable 'gm2e925' <---> Output : variable 'gm2e925'
                         : Input : variable 'ediff' <---> Output : variable 'ediff'
                         : Input : variable 'gm1eerror' <---> Output : variable 'gm1eerror'
                         : Input : variable 'gm2eerror' <---> Output : variable 'gm2eerror'
                         : Input : variable 'gm1p3cms' <---> Output : variable 'gm1p3cms'
                         : Input : variable 'gm2p3cms' <---> Output : variable 'gm2p3cms'
                         : Input : variable 'gmthetacms' <---> Output : variable 'gmthetacms'
                         : Input : variable 'mfchi2' <---> Output : variable 'mfchi2'
Factory                  : [dataset] : Create Transformation "D" with events from all classes.
                         : 
                         : Transformation, Variable selection : 
                         : Input : variable 'pi0p3' <---> Output : variable 'pi0p3'
                         : Input : variable 'pi0p3cms' <---> Output : variable 'pi0p3cms'
                         : Input : variable 'gm1e' <---> Output : variable 'gm1e'
                         : Input : variable 'gm2e' <---> Output : variable 'gm2e'
                         : Input : variable 'gm1e925' <---> Output : variable 'gm1e925'
                         : Input : variable 'gm2e925' <---> Output : variable 'gm2e925'
                         : Input : variable 'ediff' <---> Output : variable 'ediff'
                         : Input : variable 'gm1eerror' <---> Output : variable 'gm1eerror'
                         : Input : variable 'gm2eerror' <---> Output : variable 'gm2eerror'
                         : Input : variable 'gm1p3cms' <---> Output : variable 'gm1p3cms'
                         : Input : variable 'gm2p3cms' <---> Output : variable 'gm2p3cms'
                         : Input : variable 'gmthetacms' <---> Output : variable 'gmthetacms'
                         : Input : variable 'mfchi2' <---> Output : variable 'mfchi2'
TFHandler_Factory        :   Variable          Mean          RMS   [        Min          Max ]
                         : ---------------------------------------------------------------------
                         :      pi0p3:     0.50991     0.45922   [  0.00079420      5.1469 ]
                         :   pi0p3cms:     0.64710     0.61694   [   0.0041532      7.5645 ]
                         :       gm1e:     0.37905     0.34709   [    0.060986      5.0075 ]
                         :       gm2e:     0.15975     0.14107   [    0.060000      2.1529 ]
                         :    gm1e925:     0.95432    0.058111   [     0.19151      1.0000 ]
                         :    gm2e925:     0.95432    0.058111   [     0.19151      1.0000 ]
                         :      ediff:     0.21931     0.28944   [  8.6427e-07      4.9277 ]
                         :  gm1eerror:  0.00010007  0.00024226   [  1.7932e-06    0.010979 ]
                         :  gm2eerror:  1.9720e-05  5.1858e-05   [  1.6849e-06   0.0029062 ]
                         :   gm1p3cms:     0.47382     0.47013   [    0.045669      7.4135 ]
                         :   gm2p3cms:     0.19711     0.18991   [    0.042799      3.1985 ]
                         : gmthetacms:     0.78367     0.52835   [    0.038326      3.1196 ]
                         :     mfchi2:      9.2159      11.581   [  5.1303e-10      50.000 ]
                         : ---------------------------------------------------------------------
                         : Preparing the Decorrelation transformation...
<WARNING>                : <GetSQRootMatrix> error in matrix diagonalization; printed S and B
<WARNING>                : <GetSQRootMatrix> error in matrix diagonalization; printed S and B
<WARNING>                : <GetSQRootMatrix> error in matrix diagonalization; printed S and B
<WARNING>                : <GetSQRootMatrix> error in matrix diagonalization; printed S and B
<WARNING>                : <GetSQRootMatrix> error in matrix diagonalization; printed S and B
<WARNING>                : <GetSQRootMatrix> error in matrix diagonalization; printed S and B
<WARNING>                : <GetSQRootMatrix> error in matrix diagonalization; printed S and B
<WARNING>                : <GetSQRootMatrix> error in matrix diagonalization; printed S and B
<WARNING>                : <GetSQRootMatrix> error in matrix diagonalization; printed S and B
<WARNING>                : <GetSQRootMatrix> error in matrix diagonalization; printed S and B
<WARNING>                : <GetSQRootMatrix> error in matrix diagonalization; printed S and B
<WARNING>                : <GetSQRootMatrix> error in matrix diagonalization; printed S and B
<WARNING>                : <GetSQRootMatrix> error in matrix diagonalization; printed S and B
<WARNING>                : <GetSQRootMatrix> error in matrix diagonalization; printed S and B
<WARNING>                : <GetSQRootMatrix> error in matrix diagonalization; printed S and B
<WARNING>                : <GetSQRootMatrix> error in matrix diagonalization; printed S and B
<WARNING>                : <GetSQRootMatrix> error in matrix diagonalization; printed S and B
TFHandler_Factory        :   Variable          Mean          RMS   [        Min          Max ]
                         : ---------------------------------------------------------------------
                         :      pi0p3:        -nan        -nan   [ 1.7977e+308-1.7977e+308 ]
                         :   pi0p3cms:        -nan        -nan   [ 1.7977e+308-1.7977e+308 ]
                         :       gm1e:        -nan        -nan   [ 1.7977e+308-1.7977e+308 ]
                         :       gm2e:        -nan        -nan   [ 1.7977e+308-1.7977e+308 ]
                         :    gm1e925:        -nan        -nan   [ 1.7977e+308-1.7977e+308 ]
                         :    gm2e925:        -nan        -nan   [ 1.7977e+308-1.7977e+308 ]
                         :      ediff:        -nan        -nan   [ 1.7977e+308-1.7977e+308 ]
                         :  gm1eerror:        -nan        -nan   [ 1.7977e+308-1.7977e+308 ]
                         :  gm2eerror:        -nan        -nan   [ 1.7977e+308-1.7977e+308 ]
                         :   gm1p3cms:        -nan        -nan   [ 1.7977e+308-1.7977e+308 ]
                         :   gm2p3cms:        -nan        -nan   [ 1.7977e+308-1.7977e+308 ]
                         : gmthetacms:        -nan        -nan   [ 1.7977e+308-1.7977e+308 ]
                         :     mfchi2:        -nan        -nan   [ 1.7977e+308-1.7977e+308 ]
                         : ---------------------------------------------------------------------
                         : -nan -nan -nan -nan -nan -nan
[37;41;1m<FATAL>                         : <GetSeparation> signal and background histograms have different or invalid dimensions:[0m
***> abort program execution
