
[1mRooFit v3.60 -- Developed by Wouter Verkerke and David Kirkby[0m 
                Copyright (C) 2000-2013 NIKHEF, University of California & Stanford University
                All rights reserved, please read http://roofit.sourceforge.net/license.txt

(MyDblCB) An instance of MyDblCB.
[#1] INFO:DataHandling -- RooAbsReal::attachToTree(bcsflag) TTree Int_t branch bcsflag will be converted to double precision.
[#1] INFO:DataHandling -- RooAbsReal::attachToTree(nb) TTree Float_t branch nb will be converted to double precision.
[#1] INFO:DataHandling -- RooTreeDataStore::loadValues(data) Skipping event #0 because deltam cannot accommodate the value 0.153854
[#1] INFO:DataHandling -- RooTreeDataStore::loadValues(data) Skipping event #1 because deltam cannot accommodate the value 0.153652
[#1] INFO:DataHandling -- RooTreeDataStore::loadValues(data) Skipping event #4 because deltam cannot accommodate the value 0.154744
[#1] INFO:DataHandling -- RooTreeDataStore::loadValues(data) Skipping event #5 because deltam cannot accommodate the value 0.154393
[#1] INFO:DataHandling -- RooTreeDataStore::loadValues(data) Skipping ...
[#0] WARNING:DataHandling -- RooTreeDataStore::loadValues(data) Ignored 724083 out-of-range events
[#1] INFO:Minization -- p.d.f. provides expected number of events, including extended term in likelihood.
[#1] INFO:Fitting -- RooAbsOptTestStatistic::ctor(nll_pdf_data) constructing test statistic for sub-range named Full
[#1] INFO:Eval -- RooRealVar::setRange(deltam) new range named 'NormalizationRangeForFull' created with bounds [0.14,0.152]
[#1] INFO:Eval -- RooRealVar::setRange(deltam) new range named 'fit_nll_pdf_data' created with bounds [0.14,0.152]
[#0] WARNING:Fitting -- None of the fit observables seem to know the range 'Full'. This means that the full range will be used.
[#1] INFO:Fitting -- RooAbsOptTestStatistic::ctor(nll_pdf_data) fixing interpretation of coefficients of any RooAddPdf to full domain of observables 
[#1] INFO:NumericIntegration -- RooRealIntegral::init(bkg_Int[deltam]) using numeric integrator RooIntegrator1D to calculate Int(deltam)
[#1] INFO:Minization -- RooMinimizer::optimizeConst: activating const optimization
[#1] INFO:NumericIntegration -- RooRealIntegral::init(bkg_Int[deltam]) using numeric integrator RooIntegrator1D to calculate Int(deltam)
[#1] INFO:Minization --  The following expressions will be evaluated in cache-and-track mode: (gauss,bifurG,bkg)
 **********
 **    1 **SET PRINT           1
 **********
 **********
 **    2 **SET NOGRAD
 **********
 PARAMETER DEFINITIONS:
    NO.   NAME         VALUE      STEP SIZE      LIMITS
     1 #mu          1.45300e-01  6.00000e-05    1.45000e-01  1.45600e-01
     2 #sigma       3.82700e-04  8.00000e-05    2.00000e-04  1.00000e-03
     3 #sigma_{L}   9.00000e-04  8.00000e-05    5.00000e-04  1.30000e-03
     4 #sigma_{R}   9.00000e-04  1.20000e-04    3.00000e-04  1.50000e-03
     5 A            0.00000e+00  2.00000e+01   -1.00000e+02  1.00000e+02
     6 B            0.00000e+00  2.00000e+01   -1.00000e+02  1.00000e+02
     7 C            5.00000e-02  1.00000e-02    0.00000e+00  1.00000e-01
     8 N_{Bkg}      5.00000e+06  1.00000e+06    0.00000e+00  1.00000e+07
     9 N_{Signal}   5.00000e+05  1.00000e+05    0.00000e+00  1.00000e+06
    10 R            5.82000e-01  1.00000e-01    0.00000e+00  1.00000e+00
    11 m_{0}        1.39416e-01  4.00000e-04    1.38000e-01  1.42000e-01
 **********
 **    3 **SET ERR         0.5
 **********
 **********
 **    4 **SET PRINT           1
 **********
 **********
 **    5 **SET STR           1
 **********
 NOW USING STRATEGY  1: TRY TO BALANCE SPEED AGAINST RELIABILITY
 **********
 **    6 **MIGRAD        5500           1
 **********
 FIRST CALL TO USER FUNCTION AT NEW START POINT, WITH IFLAG=4.
 START MIGRAD MINIMIZATION.  STRATEGY  1.  CONVERGENCE WHEN EDM .LT. 1.00e-03
 FCN=3.89689e+06 FROM MIGRAD    STATUS=INITIATE      121 CALLS         122 TOTAL
                     EDM= unknown      STRATEGY= 1      NO ERROR MATRIX       
  EXT PARAMETER               CURRENT GUESS       STEP         FIRST   
  NO.   NAME      VALUE            ERROR          SIZE      DERIVATIVE 
   1  #mu          1.45300e-01   6.00000e-05   0.00000e+00  -3.18711e+02
   2  #sigma       3.82700e-04   8.00000e-05   0.00000e+00   2.67114e+02
   3  #sigma_{L}   5.00017e-04   8.00000e-05  -1.57994e+00  -1.37306e+00
   4  #sigma_{R}   9.00000e-04   1.20000e-04   0.00000e+00   2.16740e+02
   5  A            0.00000e+00   2.00000e+01   0.00000e+00  -1.11794e+06
   6  B           -2.42196e+00   2.00000e+01   0.00000e+00  -4.63115e+06
   7  C            5.00000e-02   1.00000e-02   0.00000e+00   9.65998e+04
   8  N_{Bkg}      5.00000e+06   1.00000e+06   0.00000e+00   4.92850e+06
   9  N_{Signal}   5.00000e+05   1.00000e+05   0.00000e+00   4.91420e+05
  10  R            5.82000e-01   1.00000e-01   0.00000e+00  -2.06591e+02
  11  m_{0}        1.39416e-01   4.00000e-04   0.00000e+00  -5.15911e+03
                               ERR DEF= 0.5
 MIGRAD FAILS TO FIND IMPROVEMENT
 MIGRAD MINIMIZATION HAS CONVERGED.
 FCN=-1.18667e+06 FROM MIGRAD    STATUS=CONVERGED    1021 CALLS        1022 TOTAL
                     EDM=0.000182717    STRATEGY= 1  ERROR MATRIX UNCERTAINTY   1.6 per cent
  EXT PARAMETER                                   STEP         FIRST   
  NO.   NAME      VALUE            ERROR          SIZE      DERIVATIVE 
   1  #mu          1.45435e-01   9.83922e-06  -0.00000e+00  -1.38368e-01
   2  #sigma       3.58915e-04   3.09782e-05   0.00000e+00  -1.55148e-01
   3  #sigma_{L}   7.69102e-04   4.73009e-05   0.00000e+00  -1.46665e-01
   4  #sigma_{R}   7.96900e-04   4.88167e-05  -0.00000e+00   7.26364e-02
   5  A            3.27522e-01   1.96873e-02   0.00000e+00   1.84315e+02
   6  B           -2.36020e+00   3.62103e-03   0.00000e+00  -1.66717e+02
   7  C            4.85815e-02   8.28500e-05  -0.00000e+00   7.02446e+00
   8  N_{Bkg}      6.28676e+04   4.02513e+02  -0.00000e+00  -1.46164e-01
   9  N_{Signal}   1.71352e+04   3.39231e+02   0.00000e+00  -9.65855e-01
  10  R            3.24769e-01   6.42828e-02  -0.00000e+00  -3.53805e-02
  11  m_{0}        1.38344e-01   9.09965e-05  -0.00000e+00   3.25548e-01
                               ERR DEF= 0.5
 EXTERNAL ERROR MATRIX.    NDIM=  25    NPAR= 11    ERR DEF=0.5
  9.685e-11 
  3.273e-11  9.627e-10 
 -1.415e-10 -1.094e-09  2.249e-09 
  3.268e-11 -1.143e-09  1.925e-09  2.389e-09 
  1.089e-08  1.358e-07 -4.337e-07 -4.418e-07  3.876e-04 
  1.805e-09  2.666e-08 -7.755e-08 -8.192e-08  6.874e-05  1.311e-05 
 -4.031e-11 -6.175e-10  1.761e-09  1.875e-09 -1.566e-06 -2.887e-07  6.864e-09 
 -3.303e-04 -3.704e-03  1.018e-02  1.022e-02 -4.483e+00 -8.133e-01  1.853e-02  1.620e+05 
  2.560e-04  3.437e-03 -9.818e-03 -1.022e-02  4.496e+00  8.193e-01 -1.868e-02 -9.892e+04  1.151e+05 
 -6.125e-08 -1.856e-06  2.582e-06  2.714e-06 -3.062e-04 -5.841e-05  1.345e-06  8.278e+00 -7.851e+00  4.158e-03 
 -1.594e-11 -4.701e-10  1.473e-09  1.751e-09 -1.582e-06 -3.017e-07  6.944e-09  1.773e-02 -1.792e-02  1.086e-06  8.299e-09 
 PARAMETER  CORRELATION COEFFICIENTS  
       NO.  GLOBAL      1      2      3      4      5      6      7      8      9     10     11
        1  0.65599   1.000  0.107 -0.303  0.068  0.056  0.051 -0.049 -0.083  0.077 -0.097 -0.018
        2  0.94121   0.107  1.000 -0.743 -0.754  0.222  0.237 -0.240 -0.297  0.327 -0.927 -0.166
        3  0.94535  -0.303 -0.743  1.000  0.830 -0.465 -0.452  0.448  0.533 -0.610  0.844  0.341
        4  0.94668   0.068 -0.754  0.830  1.000 -0.459 -0.463  0.463  0.519 -0.616  0.861  0.393
        5  0.97413   0.056  0.222 -0.465 -0.459  1.000  0.964 -0.960 -0.566  0.673 -0.241 -0.882
        6  0.97643   0.051  0.237 -0.452 -0.463  0.964  1.000 -0.962 -0.558  0.667 -0.250 -0.915
        7  0.97560  -0.049 -0.240  0.448  0.463 -0.960 -0.962  1.000  0.556 -0.665  0.252  0.920
        8  0.74720  -0.083 -0.297  0.533  0.519 -0.566 -0.558  0.556  1.000 -0.724  0.319  0.484
        9  0.85889   0.077  0.327 -0.610 -0.616  0.673  0.667 -0.665 -0.724  1.000 -0.359 -0.580
       10  0.97890  -0.097 -0.927  0.844  0.861 -0.241 -0.250  0.252  0.319 -0.359  1.000  0.185
       11  0.93522  -0.018 -0.166  0.341  0.393 -0.882 -0.915  0.920  0.484 -0.580  0.185  1.000
 **********
 **    7 **SET ERR         0.5
 **********
 **********
 **    8 **SET PRINT           1
 **********
 **********
 **    9 **HESSE        5500
 **********
 EIGENVALUES OF SECOND-DERIVATIVE MATRIX:
        -3.1424e-02  4.7212e-02  6.0481e-02  1.0245e-01  3.3905e-01  3.5785e-01  7.3414e-01  1.3156e+00  1.7614e+00  2.3901e+00  3.9232e+00
 MINUIT WARNING IN HESSE   
 ============== MATRIX FORCED POS-DEF BY ADDING 0.035347 TO DIAGONAL.
 FCN=-1.18667e+06 FROM HESSE     STATUS=NOT POSDEF    122 CALLS        1144 TOTAL
                     EDM=0.092724    STRATEGY= 1      ERR MATRIX NOT POS-DEF
  EXT PARAMETER                APPROXIMATE     INTERNAL      INTERNAL  
  NO.   NAME      VALUE            ERROR       STEP SIZE       VALUE   
   1  #mu          1.45435e-01   9.69775e-06   2.10095e-02   4.66053e-01
   2  #sigma       3.58915e-04   1.65446e-05   2.39778e-02   5.63629e+00
   3  #sigma_{L}   7.69102e-04   3.18064e-05   3.43392e-02  -2.80821e+00
   4  #sigma_{R}   7.96900e-04   3.18090e-05   2.25930e-02   5.98630e+01
   5  A            3.27522e-01   9.60710e-02   1.00360e-04   3.27523e-03
   6  B           -2.36020e+00   3.36614e-02   4.07317e-05  -2.36042e-02
   7  C            4.85815e-02   1.95278e-03   2.21999e-03  -2.83736e-02
   8  N_{Bkg}      6.28676e+04   3.63017e+02   2.55259e-04  -7.69524e+00
   9  N_{Signal}   1.71352e+04   2.99322e+02   1.03494e-03  -3.27242e+01
  10  R            3.24769e-01   3.28119e-02   2.31878e-02  -2.79163e+01
  11  m_{0}        1.38344e-01   9.35001e-05   2.48580e-02  -9.75729e-01
                               ERR DEF= 0.5
 EXTERNAL ERROR MATRIX.    NDIM=  25    NPAR= 11    ERR DEF=0.5
  9.409e-11 
  8.919e-12  2.740e-10 
 -1.082e-10 -1.767e-10  1.014e-09 
  7.814e-11 -1.698e-10  5.701e-10  1.013e-09 
  4.139e-09 -1.992e-08  2.312e-07  3.637e-07  9.230e-03 
  1.152e-09 -7.218e-09  8.523e-08  1.281e-07  2.469e-03  1.133e-03 
 -3.880e-11 -7.764e-10  9.763e-09  1.219e-08  1.741e-04  6.002e-05  3.815e-06 
 -9.829e-05 -3.769e-04  4.925e-03  5.024e-03  4.869e+00  1.738e+00  1.733e-01  1.318e+05 
  9.968e-05  3.823e-04 -4.998e-03 -5.099e-03 -4.935e+00 -1.762e+00 -1.756e-01 -7.176e+04  8.959e+04 
 -1.739e-08 -4.120e-07  6.238e-07  6.082e-07  4.390e-05  1.618e-05  1.913e-06  1.162e+00 -1.180e+00  1.078e-03 
 -9.862e-12 -7.176e-11  9.272e-10  1.067e-09  2.330e-06  8.712e-07  8.245e-08  1.545e-02 -1.566e-02  1.853e-07  8.763e-09 
ERR MATRIX NOT POS-DEF
 PARAMETER  CORRELATION COEFFICIENTS  
       NO.  GLOBAL      1      2      3      4      5      6      7      8      9     10     11
        1  0.65172   1.000  0.056 -0.350  0.253  0.004  0.004 -0.002 -0.028  0.034 -0.055 -0.011
        2  0.79683   0.056  1.000 -0.335 -0.322 -0.013 -0.013 -0.024 -0.063  0.077 -0.758 -0.046
        3  0.84642  -0.350 -0.335  1.000  0.563  0.076  0.080  0.157  0.426 -0.524  0.597  0.311
        4  0.83628   0.253 -0.322  0.563  1.000  0.119  0.120  0.196  0.435 -0.535  0.582  0.358
        5  0.99065   0.004 -0.013  0.076  0.119  1.000  0.763  0.928  0.140 -0.172  0.014  0.259
        6  0.98744   0.004 -0.013  0.080  0.120  0.763  1.000  0.913  0.142 -0.175  0.015  0.276
        7  0.99724  -0.002 -0.024  0.157  0.196  0.928  0.913  1.000  0.244 -0.300  0.030  0.451
        8  0.68758  -0.028 -0.063  0.426  0.435  0.140  0.142  0.244  1.000 -0.660  0.097  0.455
        9  0.81014   0.034  0.077 -0.524 -0.535 -0.172 -0.175 -0.300 -0.660  1.000 -0.120 -0.559
       10  0.90175  -0.055 -0.758  0.597  0.582  0.014  0.015  0.030  0.097 -0.120  1.000  0.060
       11  0.92100  -0.011 -0.046  0.311  0.358  0.259  0.276  0.451  0.455 -0.559  0.060  1.000
 ERR MATRIX NOT POS-DEF
[#1] INFO:Minization -- RooMinimizer::optimizeConst: deactivating const optimization
[#1] INFO:Eval -- RooRealVar::setRange(deltam) new range named 'ThreeSigma' created with bounds [0.143128,0.147826]
[#1] INFO:NumericIntegration -- RooRealIntegral::init(bkg_Int[bcsflag,deltam,nb|ThreeSigma]) using numeric integrator RooIntegrator1D to calculate Int(deltam)

  RooFitResult: minimized FCN value: -1.18667e+06, estimated distance to minimum: 0.092724
                covariance matrix quality: Full matrix, but forced positive-definite
                Status : MINIMIZE=0 HESSE=0 

    Floating Parameter    FinalValue +/-  Error   
  --------------------  --------------------------
                   #mu    1.4543e-01 +/-  9.70e-06
                #sigma    3.5892e-04 +/-  1.65e-05
            #sigma_{L}    7.6910e-04 +/-  3.18e-05
            #sigma_{R}    7.9690e-04 +/-  3.18e-05
                     A    3.2752e-01 +/-  9.61e-02
                     B   -2.3602e+00 +/-  3.37e-02
                     C    4.8582e-02 +/-  1.95e-03
               N_{Bkg}    6.2868e+04 +/-  3.63e+02
            N_{Signal}    1.7135e+04 +/-  2.99e+02
                     R    3.2477e-01 +/-  3.28e-02
                 m_{0}    1.3834e-01 +/-  9.35e-05

[#0] WARNING:Plotting -- Cannot apply a bin width correction and use Poisson errors. Not correcting for bin width.
[#1] INFO:Plotting -- RooAbsPdf::plotOn(pdf) p.d.f was fitted in a subrange and no explicit Range() and NormRange() was specified. Plotting / normalising in fit range. To override, do one of the following
	- Clear the automatic fit range attribute: <pdf>.setStringAttribute("fitrange", nullptr);
	- Explicitly specify the plotting range: Range("<rangeName>").
	- Explicitly specify where to compute the normalisation: NormRange("<rangeName>").
	The default (full) range can be denoted with Range("") / NormRange("").
[#1] INFO:Plotting -- RooAbsPdf::plotOn(pdf) only plotting range 'fit_nll_pdf_data'
[#1] INFO:Plotting -- RooAbsPdf::plotOn(pdf) p.d.f. curve is normalized using explicit choice of ranges 'fit_nll_pdf_data'
[#1] INFO:Plotting -- RooAbsPdf::plotOn(pdf) directly selected PDF components: (sig)
[#1] INFO:Plotting -- RooAbsPdf::plotOn(pdf) indirectly selected PDF components: (gauss,bifurG)
[#1] INFO:NumericIntegration -- RooRealIntegral::init(bkg_Int[deltam]) using numeric integrator RooIntegrator1D to calculate Int(deltam)
[#1] INFO:NumericIntegration -- RooRealIntegral::init(pdf_Int[deltam|fit_nll_pdf_data]_Norm[deltam]) using numeric integrator RooIntegrator1D to calculate Int(deltam)
[#1] INFO:Plotting -- RooAbsPdf::plotOn(pdf) p.d.f was fitted in a subrange and no explicit Range() and NormRange() was specified. Plotting / normalising in fit range. To override, do one of the following
	- Clear the automatic fit range attribute: <pdf>.setStringAttribute("fitrange", nullptr);
	- Explicitly specify the plotting range: Range("<rangeName>").
	- Explicitly specify where to compute the normalisation: NormRange("<rangeName>").
	The default (full) range can be denoted with Range("") / NormRange("").
[#1] INFO:Plotting -- RooAbsPdf::plotOn(pdf) only plotting range 'fit_nll_pdf_data'
[#1] INFO:Plotting -- RooAbsPdf::plotOn(pdf) p.d.f. curve is normalized using explicit choice of ranges 'fit_nll_pdf_data'
[#1] INFO:Plotting -- RooAbsPdf::plotOn(pdf) directly selected PDF components: (bkg)
[#1] INFO:Plotting -- RooAbsPdf::plotOn(pdf) indirectly selected PDF components: ()
[#1] INFO:NumericIntegration -- RooRealIntegral::init(bkg_Int[deltam]) using numeric integrator RooIntegrator1D to calculate Int(deltam)
[#1] INFO:NumericIntegration -- RooRealIntegral::init(pdf_Int[deltam|fit_nll_pdf_data]_Norm[deltam]) using numeric integrator RooIntegrator1D to calculate Int(deltam)
[#1] INFO:Plotting -- RooAbsPdf::plotOn(pdf) p.d.f was fitted in a subrange and no explicit Range() and NormRange() was specified. Plotting / normalising in fit range. To override, do one of the following
	- Clear the automatic fit range attribute: <pdf>.setStringAttribute("fitrange", nullptr);
	- Explicitly specify the plotting range: Range("<rangeName>").
	- Explicitly specify where to compute the normalisation: NormRange("<rangeName>").
	The default (full) range can be denoted with Range("") / NormRange("").
[#1] INFO:Plotting -- RooAbsPdf::plotOn(pdf) only plotting range 'fit_nll_pdf_data'
[#1] INFO:Plotting -- RooAbsPdf::plotOn(pdf) p.d.f. curve is normalized using explicit choice of ranges 'fit_nll_pdf_data'
[#1] INFO:Plotting -- RooAbsPdf::plotOn(pdf) directly selected PDF components: (bkg)
[#1] INFO:Plotting -- RooAbsPdf::plotOn(pdf) indirectly selected PDF components: ()
[#1] INFO:NumericIntegration -- RooRealIntegral::init(bkg_Int[deltam]) using numeric integrator RooIntegrator1D to calculate Int(deltam)
[#1] INFO:NumericIntegration -- RooRealIntegral::init(pdf_Int[deltam|fit_nll_pdf_data]_Norm[deltam]) using numeric integrator RooIntegrator1D to calculate Int(deltam)
[#1] INFO:Plotting -- RooAbsPdf::plotOn(pdf) p.d.f was fitted in a subrange and no explicit Range() and NormRange() was specified. Plotting / normalising in fit range. To override, do one of the following
	- Clear the automatic fit range attribute: <pdf>.setStringAttribute("fitrange", nullptr);
	- Explicitly specify the plotting range: Range("<rangeName>").
	- Explicitly specify where to compute the normalisation: NormRange("<rangeName>").
	The default (full) range can be denoted with Range("") / NormRange("").
[#1] INFO:Plotting -- RooAbsPdf::plotOn(pdf) only plotting range 'fit_nll_pdf_data'
[#1] INFO:Plotting -- RooAbsPdf::plotOn(pdf) p.d.f. curve is normalized using explicit choice of ranges 'fit_nll_pdf_data'
[#1] INFO:NumericIntegration -- RooRealIntegral::init(bkg_Int[deltam]) using numeric integrator RooIntegrator1D to calculate Int(deltam)
[#1] INFO:NumericIntegration -- RooRealIntegral::init(pdf_Int[deltam|fit_nll_pdf_data]_Norm[deltam]) using numeric integrator RooIntegrator1D to calculate Int(deltam)
